%YAML:1.0
---
image_width: 3840
image_height: 2160
camera_matrix: !!opencv-matrix
   rows: 3
   cols: 3
   dt: f
   data: [ 7.34563416e+02, 0., 1.99781274e+03, 0., 7.51174500e+02,
       1.29969055e+03, 0., 0., 1. ]
distortion_coefficients: !!opencv-matrix
   rows: 1
   cols: 5
   dt: f
   data: [ 4.72832881e-02, -6.20402046e-04, 2.02786550e-02,
       -1.53347428e-04, 2.60622066e-04 ]
