%YAML:1.0
---
aruco_bc_dict: ARUCO
aruco_bc_nmarkers: 32
aruco_bc_mInfoType: 1
aruco_bc_markers:
   - { id:1, corners:[ [ 8.9214878082275391e+00, 1.6659104824066162e+00,
       6.7187583446502686e-01 ], [ 8.6569375991821289e+00,
       1.7005387544631958e+00, 6.6171652078628540e-01 ], [
       8.6908874511718750e+00, 1.9648370742797852e+00,
       6.7853522300720215e-01 ], [ 8.9554376602172852e+00,
       1.9302088022232056e+00, 6.8869453668594360e-01 ] ] }
   - { id:2, corners:[ [ 7.6212563514709473e+00, -9.9456042051315308e-01,
       4.1544175148010254e-01 ], [ 7.6086483001708984e+00,
       -7.2808289527893066e-01, 4.2638441920280457e-01 ], [
       7.8753237724304199e+00, -7.1564167737960815e-01,
       4.3067753314971924e-01 ], [ 7.8879318237304688e+00,
       -9.8211920261383057e-01, 4.1973486542701721e-01 ] ] }
   - { id:4, corners:[ [ 2.3371307849884033e+00, -7.9735815525054932e-01,
       1.1431989818811417e-01 ], [ 2.6040112972259521e+00,
       -8.0284440517425537e-01, 1.2012115865945816e-01 ], [
       2.5987198352813721e+00, -1.0696438550949097e+00,
       1.1123058944940567e-01 ], [ 2.3318393230438232e+00,
       -1.0641576051712036e+00, 1.0542932897806168e-01 ] ] }
   - { id:5, corners:[ [ 6.9018769264221191e+00, -7.3940348625183105e-01,
       4.0533500909805298e-01 ], [ 6.9008355140686035e+00,
       -1.0061967372894287e+00, 3.9487910270690918e-01 ], [
       6.6341853141784668e+00, -1.0046240091323853e+00,
       3.8131141662597656e-01 ], [ 6.6352267265319824e+00,
       -7.3783081769943237e-01, 3.9176732301712036e-01 ] ] }
   - { id:6, corners:[ [ 9.4529333114624023e+00, 1.1521432399749756e+00,
       6.3408935070037842e-01 ], [ 9.4451522827148438e+00,
       1.4185459613800049e+00, 6.5015399456024170e-01 ], [
       9.7120256423950195e+00, 1.4261479377746582e+00,
       6.5335381031036377e-01 ], [ 9.7198066711425781e+00,
       1.1597452163696289e+00, 6.3728916645050049e-01 ] ] }
   - { id:7, corners:[ [ 3.9830482006072998e+00, -6.3848471641540527e-01,
       2.0133467018604279e-01 ], [ 4.2491950988769531e+00,
       -6.4853221178054810e-01, 2.2014375030994415e-01 ], [
       4.2397184371948242e+00, -9.1523253917694092e-01,
       2.1176968514919281e-01 ], [ 3.9735715389251709e+00,
       -9.0518504381179810e-01, 1.9296060502529144e-01 ] ] }
   - { id:8, corners:[ [ 9.8021497726440430e+00, -8.5523319244384766e-01,
       4.2163628339767456e-01 ], [ 9.5351905822753906e+00,
       -8.5372412204742432e-01, 4.2605867981910706e-01 ], [
       9.5368928909301758e+00, -5.8698725700378418e-01,
       4.3778532743453979e-01 ], [ 9.8038520812988281e+00,
       -5.8849632740020752e-01, 4.3336293101310730e-01 ] ] }
   - { id:9, corners:[ [ 6.6057276725769043e+00, 1.8821763992309570e+00,
       5.1170599460601807e-01 ], [ 6.8726167678833008e+00,
       1.8839495182037354e+00, 5.1919937133789062e-01 ], [
       6.8747467994689941e+00, 1.6172630786895752e+00,
       5.0643837451934814e-01 ], [ 6.6078577041625977e+00,
       1.6154899597167969e+00, 4.9894502758979797e-01 ] ] }
   - { id:10, corners:[ [ 1.3470954895019531e+00,
       -7.4905121326446533e-01, 3.1002949923276901e-02 ], [
       1.3295992612838745e+00, -1.0140306949615479e+00,
       3.2762549817562103e-03 ], [ 1.0633506774902344e+00,
       -9.9562680721282959e-01, -4.5968964695930481e-03 ], [
       1.0808469057083130e+00, -7.3064738512039185e-01,
       2.3129798471927643e-02 ] ] }
   - { id:11, corners:[ [ 8.6129255294799805e+00,
       -7.2801530361175537e-01, 4.5271703600883484e-01 ], [
       8.8790922164916992e+00, -7.4699223041534424e-01,
       4.4353196024894714e-01 ], [ 8.8599271774291992e+00,
       -1.0132516622543335e+00, 4.3827667832374573e-01 ], [
       8.5937604904174805e+00, -9.9427473545074463e-01,
       4.4746175408363342e-01 ] ] }
   - { id:14, corners:[ [ 5.1704101562500000e+00,
       -7.9217231273651123e-01, 3.0803039669990540e-01 ], [
       5.2130994796752930e+00, -5.2889406681060791e-01,
       3.2032692432403564e-01 ], [ 5.4760828018188477e+00,
       -5.7227003574371338e-01, 3.3605596423149109e-01 ], [
       5.4333934783935547e+00, -8.3554828166961670e-01,
       3.2375943660736084e-01 ] ] }
   - { id:15, corners:[ [ 7.6277565956115723e+00, 1.9414116144180298e+00,
       5.3361213207244873e-01 ], [ 7.8945913314819336e+00,
       1.9320694208145142e+00, 5.3455585241317749e-01 ], [
       7.8853106498718262e+00, 1.6655949354171753e+00,
       5.2062106132507324e-01 ], [ 7.6184759140014648e+00,
       1.6749371290206909e+00, 5.1967734098434448e-01 ] ] }
   - { id:16, corners:[ [ 4.1635804176330566e+00, 1.7992691993713379e+00,
       2.1879784762859344e-01 ], [ 3.8968837261199951e+00,
       1.8002079725265503e+00, 2.0611475408077240e-01 ], [
       3.8984444141387939e+00, 2.0668826103210449e+00,
       1.9303183257579803e-01 ], [ 4.1651415824890137e+00,
       2.0659439563751221e+00, 2.0571492612361908e-01 ] ] }
   - { id:17, corners:[ [ 5.6333851814270020e+00, 1.6104499101638794e+00,
       4.6434342861175537e-01 ], [ 5.3674821853637695e+00,
       1.6201552152633667e+00, 4.4219574332237244e-01 ], [
       5.3752875328063965e+00, 1.8860644102096558e+00,
       4.6500641107559204e-01 ], [ 5.6411905288696289e+00,
       1.8763591051101685e+00, 4.8715409636497498e-01 ] ] }
   - { id:18, corners:[ [ 2.5429508686065674e+00, 1.9623469114303589e+00,
       6.4235977828502655e-02 ], [ 2.8095040321350098e+00,
       1.9493689537048340e+00, 7.2604127228260040e-02 ], [
       2.7968575954437256e+00, 1.6828740835189819e+00,
       6.2138888984918594e-02 ], [ 2.5303044319152832e+00,
       1.6958520412445068e+00, 5.3770743310451508e-02 ] ] }
   - { id:19, corners:[ [ 1.3489598035812378e+00, 1.8427445888519287e+00,
       3.6029629409313202e-02 ], [ 1.6157743930816650e+00,
       1.8353459835052490e+00, 4.2678344994783401e-02 ], [
       1.6084471940994263e+00, 1.5684626102447510e+00,
       3.9738878607749939e-02 ], [ 1.3416326045989990e+00,
       1.5758612155914307e+00, 3.3090163022279739e-02 ] ] }
   - { id:20, corners:[ [ 8.8799571990966797e+00, 2.4365186691284180e-02,
       5.1438939571380615e-01 ], [ 9.1468591690063477e+00,
       1.7861157655715942e-02, 5.1122093200683594e-01 ], [
       9.1401882171630859e+00, -2.4863529205322266e-01,
       4.9625030159950256e-01 ], [ 8.8732862472534180e+00,
       -2.4213126301765442e-01, 4.9941870570182800e-01 ] ] }
   - { id:21, corners:[ [ 7.5922470092773438e+00, 1.8023130297660828e-01,
       4.9538934230804443e-01 ], [ 7.8591532707214355e+00,
       1.7555499076843262e-01, 5.0070732831954956e-01 ], [
       7.8547210693359375e+00, -9.1135650873184204e-02,
       4.8864710330963135e-01 ], [ 7.5878148078918457e+00,
       -8.6459338665008545e-02, 4.8332908749580383e-01 ] ] }
   - { id:22, corners:[ [ 6.5950312614440918e+00, 8.2325339317321777e-02,
       4.4042310118675232e-01 ], [ 6.8615121841430664e+00,
       8.0000311136245728e-02, 4.5689931511878967e-01 ], [
       6.8597817420959473e+00, -1.8681895732879639e-01,
       4.4723108410835266e-01 ], [ 6.5933008193969727e+00,
       -1.8449392914772034e-01, 4.3075487017631531e-01 ] ] }
   - { id:23, corners:[ [ 5.3419437408447266e+00, 1.7031143605709076e-01,
       3.7677496671676636e-01 ], [ 5.6081409454345703e+00,
       1.7581720650196075e-01, 3.9671909809112549e-01 ], [
       5.6144390106201172e+00, -9.0904429554939270e-02,
       3.8628429174423218e-01 ], [ 5.3482418060302734e+00,
       -9.6410199999809265e-02, 3.6634016036987305e-01 ] ] }
   - { id:24, corners:[ [ 1.5195839107036591e-01, 6.7958641052246094e-01,
       2.6960368268191814e-03 ], [ -1.1485287547111511e-01,
       6.8615823984146118e-01, -4.8904293216764927e-03 ], [
       -1.0806052386760712e-01, 9.5295882225036621e-01,
       -1.2656271457672119e-02 ], [ 1.5875074267387390e-01,
       9.4638699293136597e-01, -5.0698048435151577e-03 ] ] }
   - { id:25, corners:[ [ 1.5362335443496704e+00, 7.0278662443161011e-01,
       -9.8349964246153831e-03 ], [ 1.2694011926651001e+00,
