%YAML:1.0
---
aruco_bc_dict: ARUCO
aruco_bc_nmarkers: 33
aruco_bc_mInfoType: 1
aruco_bc_markers:
   - { id:0, corners:[ [ 1.5756098926067352e-01, 1.8598875999450684e+00,
       1.2238136291503906e+01 ], [ -1.4919233322143555e-01,
       1.9175217151641846e+00, 1.2359814643859863e+01 ], [
       -1.8265129625797272e-01, 1.5916318893432617e+00,
       1.2429824829101562e+01 ], [ 1.2410202622413635e-01,
       1.5339977741241455e+00, 1.2308146476745605e+01 ] ] }
   - { id:1, corners:[ [ -1.6749997437000275e-01, 1.6750006377696991e-01,
       0. ], [ 1.6750003397464752e-01, 1.6750006377696991e-01, 0. ], [
       1.6750003397464752e-01, -1.6749994456768036e-01, 0. ], [
       -1.6749997437000275e-01, -1.6749994456768036e-01, 0. ] ] }
   - { id:3, corners:[ [ 3.5409143567085266e-01, 5.2678442001342773e-01,
       7.0507669448852539e+00 ], [ 3.7133270502090454e-01,
       5.4816961288452148e-01, 7.3846387863159180e+00 ], [
       3.8485166430473328e-01, 2.1408323943614960e-01,
       7.4053392410278320e+00 ], [ 3.6761039495468140e-01,
       1.9269804656505585e-01, 7.0714673995971680e+00 ] ] }
   - { id:7, corners:[ [ 7.0593953132629395e-01, 2.0906716585159302e-01,
       1.5793013572692871e+00 ], [ 6.8694204092025757e-01,
       2.6077505946159363e-01, 1.9097411632537842e+00 ], [
       6.8582046031951904e-01, -7.0205241441726685e-02,
       1.9614691734313965e+00 ], [ 7.0481795072555542e-01,
       -1.2191313505172729e-01, 1.6310293674468994e+00 ] ] }
   - { id:10, corners:[ [ -3.3564710617065430e+00,
       1.7175380885601044e-01, -4.0484473109245300e-01 ], [
       -3.0228002071380615e+00, 1.6973061859607697e-01,
       -3.7510174512863159e-01 ], [ -3.0277719497680664e+00,
       -1.6359286010265350e-01, -3.4199985861778259e-01 ], [
       -3.3614428043365479e+00, -1.6156966984272003e-01,
       -3.7174284458160400e-01 ] ] }
   - { id:12, corners:[ [ -3.8056335449218750e+00,
       1.0029973983764648e+00, 5.4357333183288574e+00 ], [
       -3.7831900119781494e+00, 1.0382053852081299e+00,
       5.1033453941345215e+00 ], [ -3.8458280563354492e+00,
       7.1141409873962402e-01, 5.0645003318786621e+00 ], [
       -3.8682715892791748e+00, 6.7620605230331421e-01,
       5.3968882560729980e+00 ] ] }
   - { id:13, corners:[ [ -4.9204983711242676e+00,
       1.6113090515136719e+00, 1.1052165031433105e+01 ], [
       -4.8887600898742676e+00, 1.5936566591262817e+00,
       1.0719139099121094e+01 ], [ -4.8973126411437988e+00,
       1.2591931819915771e+00, 1.0736052513122559e+01 ], [
       -4.9290509223937988e+00, 1.2768455743789673e+00,
       1.1069078445434570e+01 ] ] }
   - { id:16, corners:[ [ 2.9699322581291199e-01, 5.4326868057250977e-01,
       5.3561463356018066e+00 ], [ 2.9863062500953674e-01,
       5.6304705142974854e-01, 5.6905579566955566e+00 ], [
       3.3200761675834656e-01, 2.3028580844402313e-01,
       5.7100749015808105e+00 ], [ 3.3037021756172180e-01,
       2.1050743758678436e-01, 5.3756632804870605e+00 ] ] }
   - { id:19, corners:[ [ 3.9265143871307373e-01, 1.5004686117172241e+00,
       1.1589238166809082e+01 ], [ 3.5269299149513245e-01,
       1.5611816644668579e+00, 1.1916258811950684e+01 ], [
       3.5043132305145264e-01, 1.2317680120468140e+00,
       1.1977139472961426e+01 ], [ 3.9038977026939392e-01,
       1.1710549592971802e+00, 1.1650118827819824e+01 ] ] }
   - { id:28, corners:[ [ -4.8595046997070312e+00,
       1.3247226178646088e-01, 1.4721895754337311e-01 ], [
       -4.8442158699035645e+00, 1.8044902384281158e-01,
       -1.8397507071495056e-01 ], [ -4.8553180694580078e+00,
       -1.5083523094654083e-01, -2.3247744143009186e-01 ], [
       -4.8706068992614746e+00, -1.9881199300289154e-01,
       9.8716586828231812e-02 ] ] }
   - { id:30, corners:[ [ -1.4058139324188232e+00,
       5.7659012079238892e-01, -1.1029709875583649e-01 ], [
       -1.0727496147155762e+00, 5.5654561519622803e-01,
       -8.0441519618034363e-02 ], [ -1.0935165882110596e+00,
       2.2226847708225250e-01, -7.3195010423660278e-02 ], [
       -1.4265809059143066e+00, 2.4231295287609100e-01,
       -1.0305058956146240e-01 ] ] }
   - { id:32, corners:[ [ -5.0440311431884766e+00,
       1.7282042503356934e+00, 1.1938538551330566e+01 ], [
       -5.0265722274780273e+00, 1.6532173156738281e+00,
       1.1612505912780762e+01 ], [ -5.0312519073486328e+00,
       1.3267183303833008e+00, 1.1687350273132324e+01 ], [
       -5.0487108230590820e+00, 1.4017052650451660e+00,
       1.2013382911682129e+01 ] ] }
   - { id:33, corners:[ [ -4.3712449073791504e+00,
       3.2869306206703186e-01, -5.0585442781448364e-01 ], [
       -4.0419387817382812e+00, 3.8568449020385742e-01,
       -4.8273357748985291e-01 ], [ -3.9877374172210693e+00,
       5.7244032621383667e-02, -4.4512951374053955e-01 ], [
       -4.3170433044433594e+00, 2.5260448455810547e-04,
       -4.6825036406517029e-01 ] ] }
   - { id:74, corners:[ [ -1.4780077934265137e+00,
       1.2609727382659912e+00, 1.2730978012084961e+01 ], [
       -1.3137718439102173e+00, 9.7323328256607056e-01,
       1.2780551910400391e+01 ], [ -1.0221703052520752e+00,
       1.1377654075622559e+00, 1.2769475936889648e+01 ], [
       -1.1864062547683716e+00, 1.4255049228668213e+00,
       1.2719902038574219e+01 ] ] }
   - { id:75, corners:[ [ -3.7982828617095947e+00,
       1.4030677080154419e+00, 1.2490676879882812e+01 ], [
       -3.5948297977447510e+00, 1.6689522266387939e+00,
       1.2478959083557129e+01 ], [ -3.8573639392852783e+00,
       1.8670312166213989e+00, 1.2415197372436523e+01 ], [
       -4.0608167648315430e+00, 1.6011466979980469e+00,
       1.2426915168762207e+01 ] ] }
   - { id:78, corners:[ [ -2.4148094654083252e+00,
       1.5057642459869385e+00, 1.2578568458557129e+01 ], [
       -2.7480895519256592e+00, 1.5088219642639160e+00,
       1.2544803619384766e+01 ], [ -2.7555124759674072e+00,
       1.1767010688781738e+00, 1.2587996482849121e+01 ], [
       -2.4222323894500732e+00, 1.1736433506011963e+00,
       1.2621761322021484e+01 ] ] }
   - { id:79, corners:[ [ 3.0133098363876343e-01, 4.1684144735336304e-01,
       4.0365080833435059e+00 ], [ 3.3007720112800598e-01,
       8.9808255434036255e-02, 4.1032009124755859e+00 ], [
       3.4304988384246826e-01, 2.4013891816139221e-02,
       3.7749814987182617e+00 ], [ 3.1430366635322571e-01,
       3.5104709863662720e-01, 3.7082886695861816e+00 ] ] }
   - { id:80, corners:[ [ -4.6489496231079102e+00,
       5.1548159122467041e-01, 3.8633372783660889e+00 ], [
       -4.6873693466186523e+00, 2.5288391113281250e-01,
       4.0677666664123535e+00 ], [ -4.6407871246337891e+00,
       4.5240157842636108e-01, 4.3328094482421875e+00 ], [
       -4.6023674011230469e+00, 7.1499925851821899e-01,
       4.1283802986145020e+00 ] ] }
   - { id:81, corners:[ [ -4.8042664527893066e+00,
       3.6676451563835144e-02, 1.5495363473892212e+00 ], [
       -4.7696933746337891e+00, 3.3514198660850525e-01,
       1.6976851224899292e+00 ], [ -4.7600407600402832e+00,
       4.8312640190124512e-01, 1.3972979784011841e+00 ], [
       -4.7946138381958008e+00, 1.8466088175773621e-01,
       1.2491492033004761e+00 ] ] }
   - { id:83, corners:[ [ -2.0033586025238037e+00,
       1.1256207525730133e-01, 6.3436120748519897e-02 ], [
       -2.3357930183410645e+00, 9.1729417443275452e-02,
       2.7680225670337677e-02 ], [ -2.3548524379730225e+00,
       4.2573380470275879e-01, 1.0278787463903427e-02 ], [
       -2.0224180221557617e+00, 4.4656646251678467e-01,
       4.6034678816795349e-02 ] ] }
   - { id:84, corners:[ [ 4.6126741170883179e-01, 1.0381131172180176e+00,
       9.1954364776611328e+00 ], [ 4.7845906019210815e-01,
       7.2825849056243896e-01, 9.3216094970703125e+00 ], [
       4.6537142992019653e-01, 6.0139322280883789e-01,
       9.0118370056152344e+00 ], [ 4.4817978143692017e-01,
       9.1124784946441650e-01, 8.8856639862060547e+00 ] ] }
   - { id:85, corners:[ [ 3.7167653441429138e-01, 4.3918803334236145e-02,
       6.1576099395751953e+00 ], [ 3.6428937315940857e-01,
