%YAML:1.0
---
image_width: 640
image_height: 480
camera_matrix: !!opencv-matrix
   rows: 3
   cols: 3
   dt: f
   data: [ 4.00931244e+02, 0., 3.47495483e+02, 0., 4.01846680e+02,
       2.46095093e+02, 0., 0., 1. ]
distortion_coefficients: !!opencv-matrix
   rows: 1
   cols: 5
   dt: f
   data: [ 1.65131455e-03, -1.08984737e-02, 1.00589055e-03,
       1.67077256e-03, 9.04905959e-04 ]
