%YAML:1.0
---
aruco_bc_dict: ARUCO
aruco_bc_nmarkers: 2
aruco_bc_mInfoType: 1
aruco_bc_markers:
   - { id:0, corners:[ [ 3.1732928752899170e-01, 1.1378140449523926e+00,
       -2.6009678840637207e-01 ], [ -2.9000118374824524e-02,
       1.1851931810379028e+00, -2.4245749413967133e-01 ], [
       1.1722028255462646e-02, 1.5189936161041260e+00,
       -3.3950865268707275e-01 ], [ 3.5805141925811768e-01,
       1.4716144800186157e+00, -3.5714793205261230e-01 ] ] }
   - { id:3, corners:[ [ -1.7499995231628418e-01, 1.7500023543834686e-01,
       -8.9406967163085938e-08 ], [ 1.7500004172325134e-01,
       1.7500023543834686e-01, -8.9406967163085938e-08 ], [
       1.7500004172325134e-01, -1.7499975860118866e-01,
       -8.9406967163085938e-08 ], [ -1.7499995231628418e-01,
       -1.7499975860118866e-01, -8.9406967163085938e-08 ] ] }
